type:custom/xor
comps:in,8,13;in,9,9;nand,17,11;out,26,12;custom/or,17,17;custom/and,21,12
cables:7
1,1,1,0.5;1[0,2[0;17,11,17,10,16,10,15,10,14,10,13,10,12,10,11,10
1,1,1,0.5;0[0,2[1;17,13,17,14,16,14,15,14,14,14,13,14,10,14,11,14,12,14
0.5,0.5,1,0.5;0[0,4[1;10,14,10,15,10,16,10,17,10,18,10,19,11,19,12,19,13,19,14,19,15,19,16,19,17,19
0.5,0.5,1,0.5;1[0,4[0;11,10,17,17,16,17,15,17,14,17,13,17,13,16,13,15,13,14,13,13,13,12,13,11,13,10,12,10
0.5,0.5,1,0.5;4[2,5[1;19,18,20,18,21,18,21,17,21,16,21,15,21,14
0.5,0.5,1,0.5;2[2,5[0;19,12,21,12,20,12
0.5,0.5,1,0.5;5[2,3[0;26,13,25,13,24,13,23,13
